C=2
a=1
b=1
c=1
d=1
anpha=0.500000
beta=0.300000
gama=0.200000
eps=0.001000
m=3.000000
nuy=2.000000
to=2.000000
a1=1.000000
a2=1.000000
a3=1.000000